18139252255
11839005483
16832879817
20243307766
17874701205
19024692346
19035248199
18062536888
18297508481
11015367866
18611609128
17340951284
17254856769
15687714884
15687714883
15687626968
19042171120
19042171119
1030167854
14541956179
18114762383
18114762384
10972529356
15506123001
1974655331
15687699995
10972472036
12768390060
12768390059
12768390058
1978632135
14742681840
15892966979
17018204770
17453147975
17018188192
13106717788
19215378483
17674909862
11390823163
1975456281
12796416017
19763339045
12767721196
16889666980
1983145532
20175374898
13537580460
19664132359
19664132360
15495529499
12187445174
1969092271
16703612001
16703612002
17018195878
19660788118
17802778516
19661934956
15361545792
15361545791
17244576970
15506975249
15688406981
1979689772
15688406980
15688406979
1989608269
1989608268
10867409446
10867324449
10867564832
10867514683
18658302408
1993738801
10193257442
1963933444
1963913089
1963913088
1963978096
1963978098
11281706985
1963983701
16681924476
16681924475
1963943469
15982037098
1988044385
12964010351
1988044387
1988044386
16883920070
15978228123
15981464282
12964829356
16885622258
11280739399
11281706984
11281706986
10477605808
10360664686
10645560986
10360606830
10630585972
10343323002
13261520989
10497271745
10497148515
15228690958
10630362874
17815038672
10330994271
10645556493
10646838465
17815038673
10645393780
11323076244
11045258808
16333318076
10645529891
10497103394
10630357833
10242501920
10348014697
10477613771
10630585971
11048709743
1432203524
10361923644
19829160893
10348766490
10644355440
10644482469
11048948443
12733252589
10497683301
18382245107
1648826334
15228690960
15228690959
10592192552
10491523618
11260591521
10361522751
12457537439
10630360544
10630373837
1417341620
10630349521
10630373838
10253611592
11048992967
10361767259
12733331776
10348152674
10629914828
11325248979
16600022761
10629927101
10241803342
10629927104
10630368942
10645590029
1809763558
10489654323
10489654326
10497209786
1426291475
10630355370
10523597189
10497148516
10497148514
10630362873
10644529905
12046683941
12046683942
16892739493
19208008857
15582072407
10420229975
10141132203
10372587797
15301730844
1638944299
10130285972
11828772762
13829662260
11828861995
19089027573
13733362475
11498930778
10129823993
19011025526
11828773995
11619926108
10390381846
17157041269
4903488
17156796419
19663690054
18666024931
16756812860
15033088208
14780920563
14781487927
14183745423
13538354794
18185112612
1419508130
14321714820
15649853595
10283649022
12100859900
13561522279
1994871301
1994871302
14278675250
