11927363612
18181058226
18601862967
18360859499
18318333417
18319519391
18319519392
18605256799
12459881536
14402406187
1586775288
12609344626
4961252
5306721
18601463723
18592888052
18366035026
10062740962
12417123667
12175383363
10841770859
12698034531
10974371685
12397206121
1955967296
13934179591
10879399830
12417904366
18320020799
18320020798
18317529703
18317529702
18611619802
18319706142
18319251387
18484835309
18319251386
18319251385
18484835310
18319251384
18318333420
18318333419
18318333418
18318333416
18318333415
18318333414
18317319882
18484835307
18317319881
18317319880
18598444257
5414635
18484835308
18486365858
18486365857
18486365856
18484835312
18605256798
18484835311
18319706143
18598692740
17255563676
1032723950
10129082711
1973335511
1978302419
1137658351
1985335750
16459975170
17569475442
12797095438
10659695799
12536501924
1979859716
13039344515
1957686627
13440644885
13129688714
13927034774
10871658124
10924706539
10745958286
13440783104
16888314811
16955049742
17018163969
13160879431
15304346803
15304381975
15304330838
15363427855
15304313223
15386990716
15386990718
15386990719
15391743401
15304285434
15499697155
15499697156
15499697157
15513142774
15516028276
15531204548
15537848698
15304201332
15603419753
15622800409
15639478756
15639478757
15650275762
15265110658
15680279003
15766737762
15766737763
15769309604
15769309605
15774421909
15235862418
15896465843
15896465844
15896465845
15896974126
15896974127
15896974128
15898658293
15233095380
15936871266
15938145249
15943423200
15963638706
15966362168
15971355698
16006170388
16009937501
16016643202
16016643203
16016643205
16016643206
16050015585
15228685190
16241872448
15226442926
16250556833
16250734252
16274987227
16275325237
16321970500
15226442925
16330529045
16330529046
16330529047
16330529049
16330529051
16330529052
15226442924
15226442923
15226438145
16337819076
16386917633
16386917634
16410576722
16410576723
16410576725
16410576726
15225920994
15225920993
16415133512
16433584133
15146765566
16459975171
16461240798
15072383244
16552255289
16552255290
16552255291
16552255293
16552255294
16552255295
16590036471
16595830214
16604975593
16604975594
16604975595
16605856294
16605856295
16605859046
16605859047
16605859048
16605860309
15067221166
15059190575
15059161989
16605861021
16605954720
16605956529
16605956642
16605956643
16605956731
16605956732
16605956733
16605956938
16605958126
16605958127
16605958271
16605958272
16605958273
16605958729
16605958730
16614394339
15031927120
15025619475
14990280446
14990280444
14990280443
16616605095
16616605097
16643757622
16644740499
16645114368
16645114618
14990280441
14990280440
14975556483
16671230668
14943404787
16705767803
16710587352
16710587353
16792129296
14943404786
16806367208
16806367209
14857934413
16806367211
14857011549
16806367213
16806367214
16806367216
16806367217
14816056102
16840594216
16840594217
16840594218
16844197438
16845357538
16845357539
16845357540
16845357541
16845357542
16846099147
16886696148
16886696149
16886696150
14787479335
14786976226
16930085572
16932216183
16988097159
16988097160
16988097161
17031235222
17031235223
17121693167
17121693168
17139013446
17170520530
17174239185
17174239186
14745050835
17210579021
17211855942
17211855943
17211855944
14741243966
17249075571
1985522483
1985431625
1957771399
1957771398
1957771397
1957771396
1957740781
1957689813
1957689812
13420222748
13420222747
13374688385
13372232562
1589426735
1583058984

